(214065, 215022): 0
(214070, 214957): 0
(214068, 214069): 1
(214072, 214421): 0
(214071, 214954): 0
(214069, 214068): 1
(214066, 214933): 0
(214067, 214877): 0
(214076, 215056): 0
(214075, 214715): 0
(214078, 214996): 0
(214073, 214074): 1
(214080, 214089): 1
(214074, 214073): 1
(214079, 214899): 0
(214077, 214149): 0
(214081, 214185): 0
(214083, 215025): 0
(214082, 214165): 0
(214084, 214781): 0
(214086, 214690): 0
(214087, 214965): 0
(214089, 214080): 1
(214090, 214106): 0
(214088, 214645): 0
(214094, 214573): 0
(214095, 214274): 0
(214097, 214266): 0
(214093, 214682): 0
(214092, 214345): 0
(214100, 214209): 0
(214101, 214586): 0
(214102, 214843): 0
(214099, 214770): 0
(214098, 214395): 0
(214104, 214342): 0
(214106, 214706): 0
(214108, 214986): 0
(214107, 214275): 0
(214105, 214839): 0
(214110, 215036): 0
(214112, 214159): 0
(214111, 214518): 0
(214113, 215044): 0
(214114, 214984): 0
(214115, 214268): 0
(214118, 214240): 0
(214121, 214421): 0
(214122, 214260): 0
(214120, 214927): 0
(214123, 214934): 0
(214119, 214925): 0
(214116, 214736): 0
(214124, 214539): 0
(214125, 214766): 0
(214126, 214949): 0
(214128, 215034): 0
(214130, 214591): 0
(214131, 214540): 0
(214132, 214276): 0
(214133, 214848): 0
(214127, 214307): 0
(214135, 214747): 0
(214136, 214605): 0
(214137, 214225): 0
(214143, 214354): 0
(214139, 214485): 0
(214142, 214901): 0
(214141, 214798): 0
(214144, 214334): 0
(214146, 214655): 0
(214145, 214810): 0
(214147, 214790): 0
(214149, 214600): 0
(214148, 214777): 0
(214150, 214132): 0
(214154, 214878): 0
(214140, 214702): 0
(214153, 214463): 0
(214152, 214358): 0
(214138, 214546): 0
(214155, 214694): 0
(214157, 214972): 0
(214156, 214128): 0
(214161, 214693): 0
(214159, 214157): 0
(214160, 214524): 0
(214163, 214122): 0
(214165, 214560): 0
(214164, 214848): 0
(214167, 214678): 0
(214169, 214186): 0
(214168, 214082): 0
(214170, 214922): 0
(214171, 215024): 0
(214172, 214131): 0
(214173, 214431): 0
(214174, 214482): 0
(214176, 214541): 0
(214175, 214295): 0
(214177, 214909): 0
(214178, 214518): 0
(214180, 214769): 0
(214181, 214802): 0
(214179, 214073): 0
(214183, 214814): 0
(214184, 214223): 0
(214185, 214889): 0
(214186, 215022): 0
(214182, 214107): 0
(214189, 214404): 0
(214187, 214427): 0
(214191, 214880): 0
(214193, 214536): 0
(214190, 214627): 0
(214192, 214240): 0
(214198, 214826): 0
(214194, 214871): 0
(214196, 214642): 0
(214200, 214417): 0
(214201, 214570): 0
(214197, 214870): 0
(214195, 214990): 0
(214199, 215053): 0
(214204, 214637): 0
(214205, 214835): 0
(214203, 214243): 0
(214206, 214646): 0
(214208, 214082): 0
(214202, 214689): 0
(214211, 214977): 0
(214212, 214230): 0
(214214, 214726): 0
(214217, 214721): 0
(214216, 214270): 1
(214209, 214586): 0
(214218, 214452): 0
(214220, 214415): 0
(214219, 214584): 0
(214221, 214518): 0
(214222, 214792): 0
(214223, 214216): 0
(214224, 214843): 0
(214228, 214636): 0
(214229, 214241): 0
(214227, 214173): 0
(214225, 214178): 0
(214230, 214956): 0
(214231, 214395): 0
(214232, 214372): 0
(214235, 214371): 0
(214233, 214815): 0
(214236, 214885): 0
(214237, 214186): 0
(214238, 214597): 0
(214239, 214474): 0
(214240, 214257): 0
(214241, 214178): 0
(214242, 214587): 0
(214243, 214678): 0
(214245, 214727): 0
(214246, 214667): 0
(214247, 214764): 0
(214249, 214093): 0
(214250, 214646): 0
(214251, 214452): 0
(214254, 214749): 0
(214253, 214178): 0
(214255, 214984): 0
(214257, 214178): 0
(214258, 214624): 0
(214259, 214720): 0
(214260, 214567): 0
(214264, 214648): 0
(214263, 214792): 0
(214265, 214503): 0
(214266, 214541): 0
(214262, 214722): 0
(214261, 214787): 0
(214267, 215057): 0
(214270, 214216): 1
(214268, 214232): 0
(214269, 214681): 0
(214273, 214407): 0
(214275, 214689): 0
(214271, 214670): 0
(214272, 215024): 0
(214279, 214784): 0
(214274, 214888): 0
(214280, 214941): 0
(214284, 214164): 0
(214285, 214261): 0
(214288, 214449): 1
(214286, 214395): 0
(214289, 214250): 0
(214293, 214509): 0
(214294, 214617): 0
(214292, 214458): 0
(214290, 214888): 0
(214291, 214655): 0
(214295, 214665): 0
(214300, 214228): 0
(214301, 214304): 1
(214301, 214305): 1
(214301, 214306): 1
(214301, 214372): 1
(214301, 214611): 1
(214301, 214303): 1
(214296, 214386): 0
(214302, 214126): 0
(214298, 214242): 0
(214297, 214141): 0
(214276, 214285): 0
(214303, 214304): 1
(214303, 214305): 1
(214303, 214306): 1
(214303, 214372): 1
(214303, 214611): 1
(214303, 214301): 1
(214304, 214305): 1
(214304, 214306): 1
(214304, 214372): 1
(214304, 214611): 1
(214304, 214301): 1
(214304, 214303): 1
(214299, 214800): 0
(214305, 214304): 1
(214305, 214306): 1
(214305, 214372): 1
(214305, 214611): 1
(214305, 214301): 1
(214305, 214303): 1
(214306, 214304): 1
(214306, 214305): 1
(214306, 214372): 1
(214306, 214611): 1
(214306, 214301): 1
(214306, 214303): 1
(214308, 214836): 0
(214307, 214118): 0
(214310, 214597): 0
(214309, 214536): 0
(214311, 214664): 0
(214313, 214100): 0
(214312, 214334): 0
(214314, 214202): 0
(214316, 214364): 0
(214315, 214264): 0
(214317, 214686): 0
(214319, 214747): 0
(214322, 214453): 0
(214320, 214483): 0
(214325, 214760): 0
(214318, 214890): 0
(214323, 214366): 0
(214326, 214643): 0
(214327, 214878): 0
(214331, 214411): 0
(214333, 214586): 0
(214334, 214608): 0
(214335, 214607): 0
(214328, 214274): 0
(214337, 214701): 0
(214340, 214758): 0
(214336, 214837): 0
(214341, 214877): 0
(214345, 215061): 0
(214346, 214391): 0
(214347, 214565): 0
(214342, 214232): 0
(214348, 215063): 0
(214349, 214707): 0
(214350, 214080): 0
(214343, 214897): 0
(214355, 214171): 0
(214354, 214367): 0
(214357, 214981): 0
(214359, 214644): 0
(214358, 214556): 0
(214360, 214674): 0
(214362, 214104): 0
(214363, 214408): 0
(214364, 214506): 0
(214366, 214274): 0
(214365, 214247): 0
(214367, 214225): 0
(214369, 214947): 0
(214368, 214658): 0
(214370, 214607): 0
(214356, 214970): 0
(214371, 214513): 0
(214373, 214167): 0
(214377, 214601): 0
(214376, 214356): 0
(214378, 215019): 0
(214375, 214092): 0
(214374, 214228): 0
(214380, 214466): 0
(214383, 214189): 0
(214382, 214397): 0
(214381, 214599): 0
(214385, 214928): 0
(214372, 214304): 1
(214372, 214305): 1
(214372, 214306): 1
(214372, 214611): 1
(214372, 214301): 1
(214372, 214303): 1
(214384, 214471): 0
(214379, 214597): 0
(214387, 214089): 0
(214388, 214834): 0
(214390, 214799): 0
(214391, 214190): 0
(214392, 214373): 0
(214393, 214184): 0
(214394, 214532): 0
(214386, 214917): 0
(214395, 214195): 0
(214389, 214958): 0
(214396, 214072): 0
(214399, 214369): 0
(214401, 214706): 0
(214405, 214738): 0
(214400, 214159): 0
(214404, 214383): 0
(214397, 215034): 0
(214407, 214576): 0
(214406, 214263): 0
(214408, 214699): 0
(214409, 214862): 0
(214411, 214204): 0
(214412, 214099): 0
(214414, 214284): 0
(214415, 214772): 0
(214416, 214939): 0
(214419, 214849): 0
(214420, 214709): 0
(214422, 214369): 0
(214421, 214894): 0
(214424, 214270): 0
(214426, 214367): 0
(214410, 214599): 0
(214428, 214367): 0
(214427, 214098): 0
(214417, 214239): 0
(214429, 214627): 0
(214430, 214893): 0
(214431, 214644): 0
(214434, 214933): 0
(214435, 214391): 0
(214433, 214841): 0
(214432, 214744): 0
(214437, 214208): 0
(214441, 214847): 0
(214442, 214165): 0
(214443, 214927): 0
(214444, 214133): 0
(214445, 214451): 1
(214446, 214858): 0
(214436, 214133): 0
(214448, 214956): 0
(214447, 214350): 0
(214450, 214747): 0
(214449, 214288): 1
(214451, 214445): 1
(214452, 214466): 1
(214458, 214979): 0
(214457, 215040): 0
(214459, 214191): 0
(214455, 214265): 0
(214453, 214145): 0
(214460, 214169): 0
(214461, 214799): 0
(214463, 214782): 0
(214462, 214621): 0
(214464, 214813): 0
(214466, 214452): 1
(214467, 214862): 0
(214469, 214138): 0
(214470, 214072): 0
(214471, 214877): 0
(214474, 214197): 0
(214472, 214417): 0
(214476, 214572): 0
(214478, 214879): 0
(214480, 214644): 0
(214479, 214414): 0
(214482, 214554): 0
(214483, 214145): 0
(214484, 214785): 0
(214485, 214690): 0
(214487, 214976): 0
(214492, 214789): 0
(214493, 214970): 0
(214494, 215056): 0
(214495, 214474): 0
(214496, 214429): 0
(214497, 214728): 0
(214488, 214834): 0
(214498, 215041): 0
(214500, 214097): 0
(214501, 214652): 0
(214505, 214782): 0
(214503, 214872): 0
(214499, 215018): 0
(214506, 214349): 0
(214507, 214825): 0
(214502, 214264): 0
(214509, 214701): 0
(214510, 214736): 0
(214512, 214728): 0
(214513, 214951): 0
(214504, 214952): 0
(214511, 214525): 0
(214514, 214455): 0
(214515, 214511): 0
(214516, 214133): 0
(214518, 214233): 0
(214520, 214243): 0
(214517, 214595): 0
(214523, 214488): 0
(214522, 214364): 0
(214524, 215025): 0
(214519, 214656): 0
(214525, 214214): 0
(214526, 214635): 0
(214527, 214975): 0
(214530, 214196): 0
(214529, 214620): 0
(214533, 214584): 0
(214532, 214375): 0
(214535, 214539): 0
(214537, 214120): 0
(214536, 214214): 0
(214538, 214606): 0
(214539, 214588): 0
(214534, 214434): 0
(214540, 214570): 0
(214521, 214187): 0
(214541, 214089): 0
(214543, 214877): 0
(214542, 214067): 0
(214544, 214143): 0
(214545, 214505): 0
(214547, 214592): 0
(214546, 214922): 0
(214550, 215047): 0
(214549, 214247): 0
(214552, 214989): 0
(214548, 215027): 0
(214551, 214101): 0
(214554, 214825): 0
(214556, 214120): 0
(214555, 214616): 0
(214557, 214502): 0
(214559, 214288): 0
(214560, 214094): 0
(214558, 214380): 0
(214563, 214873): 0
(214561, 214670): 0
(214564, 214632): 0
(214566, 214582): 0
(214567, 214437): 0
(214565, 214306): 0
(214570, 214173): 0
(214571, 214225): 0
(214572, 214422): 0
(214573, 214105): 0
(214574, 214647): 0
(214575, 214497): 0
(214576, 214472): 0
(214577, 215020): 0
(214578, 214580): 1
(214580, 214578): 1
(214582, 214273): 0
(214585, 214484): 0
(214583, 214154): 0
(214584, 214426): 0
(214586, 214632): 0
(214587, 214257): 0
(214588, 214130): 0
(214590, 214728): 0
(214589, 214516): 0
(214592, 214844): 0
(214591, 214874): 0
(214579, 215026): 0
(214581, 214370): 0
(214595, 214441): 0
(214596, 214909): 0
(214597, 214615): 0
(214599, 214552): 0
(214600, 214657): 0
(214603, 214529): 0
(214604, 214250): 0
(214607, 214643): 0
(214606, 214610): 0
(214608, 214105): 0
(214609, 214245): 0
(214601, 214275): 0
(214611, 214304): 1
(214611, 214305): 1
(214611, 214306): 1
(214611, 214372): 1
(214611, 214301): 1
(214611, 214303): 1
(214610, 214716): 0
(214613, 214590): 0
(214614, 214217): 0
(214605, 214299): 0
(214615, 214689): 0
(214616, 214309): 0
(214617, 214313): 0
(214621, 214492): 0
(214619, 214948): 0
(214624, 214175): 0
(214623, 214333): 0
(214622, 214740): 0
(214620, 214272): 0
(214618, 214901): 0
(214625, 214153): 0
(214626, 214830): 0
(214629, 214429): 0
(214627, 214503): 0
(214630, 214124): 0
(214632, 214779): 0
(214633, 214516): 0
(214634, 214160): 0
(214636, 214688): 0
(214635, 214161): 0
(214639, 214435): 0
(214637, 214178): 0
(214638, 214997): 0
(214640, 214131): 0
(214642, 214645): 0
(214641, 215054): 0
(214644, 214910): 0
(214645, 214759): 0
(214647, 214600): 0
(214643, 214343): 0
(214648, 214243): 0
(214650, 214130): 0
(214649, 214732): 0
(214646, 214626): 0
(214652, 214534): 0
(214653, 215032): 0
(214654, 214881): 0
(214656, 215052): 0
(214655, 214497): 0
(214657, 214448): 0
(214658, 214164): 0
(214659, 214830): 0
(214662, 214688): 0
(214665, 215060): 0
(214664, 214821): 0
(214663, 214927): 0
(214666, 214110): 0
(214667, 214231): 0
(214668, 214326): 0
(214669, 214549): 0
(214671, 214634): 0
(214670, 214548): 0
(214672, 214843): 0
(214673, 215036): 0
(214675, 214950): 0
(214674, 214539): 0
(214677, 214807): 0
(214679, 214272): 0
(214678, 214242): 0
(214680, 214120): 0
(214681, 214855): 0
(214682, 214699): 0
(214684, 214372): 0
(214687, 214147): 0
(214685, 214740): 0
(214686, 214644): 0
(214689, 215047): 0
(214688, 214435): 0
(214690, 214254): 0
(214691, 214704): 0
(214661, 214337): 0
(214692, 214536): 0
(214693, 214806): 0
(214694, 214176): 0
(214695, 214459): 0
(214699, 214639): 0
(214697, 214933): 0
(214702, 214157): 0
(214698, 214347): 0
(214696, 214961): 0
(214701, 214545): 0
(214705, 214265): 0
(214706, 214495): 0
(214707, 214093): 0
(214710, 214432): 0
(214708, 214412): 0
(214709, 214066): 0
(214704, 214657): 0
(214711, 214306): 0
(214713, 214360): 0
(214715, 215044): 0
(214712, 214253): 0
(214714, 214972): 0
(214716, 214881): 0
(214718, 214097): 0
(214720, 214538): 0
(214723, 214080): 0
(214726, 214214): 0
(214719, 214827): 0
(214727, 214175): 0
(214728, 214793): 0
(214722, 214355): 0
(214731, 214341): 0
(214732, 215011): 0
(214733, 214738): 0
(214734, 214322): 0
(214736, 214463): 0
(214700, 214265): 0
(214739, 214492): 0
(214740, 214434): 0
(214742, 214201): 0
(214744, 214755): 1
(214745, 214680): 0
(214746, 214785): 0
(214738, 214121): 0
(214743, 214202): 0
(214747, 214871): 0
(214748, 214537): 0
(214751, 214557): 0
(214750, 214209): 0
(214749, 214396): 0
(214753, 214294): 0
(214754, 214515): 0
(214755, 214744): 1
(214759, 214862): 1
(214760, 214442): 0
(214758, 214076): 0
(214762, 214067): 0
(214752, 214525): 0
(214763, 214122): 0
(214764, 215048): 0
(214761, 214718): 0
(214767, 214160): 0
(214766, 214466): 0
(214770, 214792): 0
(214769, 214173): 0
(214771, 214194): 0
(214772, 214360): 0
(214773, 214325): 0
(214775, 214873): 0
(214777, 214267): 0
(214776, 214912): 0
(214778, 214749): 0
(214779, 214295): 0
(214780, 214082): 0
(214782, 214267): 0
(214781, 214115): 0
(214783, 214787): 0
(214784, 214125): 0
(214785, 214585): 0
(214786, 214935): 0
(214787, 214743): 0
(214789, 214933): 0
(214791, 214114): 0
(214788, 214944): 0
(214793, 214093): 0
(214792, 214894): 0
(214794, 214677): 0
(214790, 214370): 0
(214795, 214308): 0
(214797, 214560): 0
(214798, 214629): 0
(214801, 215038): 0
(214800, 214153): 0
(214796, 214761): 0
(214803, 214888): 0
(214721, 214548): 0
(214802, 214242): 0
(214804, 214333): 0
(214799, 214844): 0
(214805, 214705): 0
(214808, 214359): 0
(214811, 214698): 0
(214810, 214532): 0
(214806, 214165): 0
(214813, 214273): 0
(214814, 214323): 0
(214807, 214973): 0
(214809, 214677): 0
(214816, 214668): 0
(214820, 214157): 0
(214818, 214943): 0
(214821, 214268): 0
(214817, 214946): 0
(214819, 214328): 0
(214822, 214674): 0
(214815, 214499): 0
(214825, 214518): 0
(214828, 214761): 0
(214829, 214348): 0
(214830, 214493): 0
(214827, 214406): 0
(214826, 214630): 0
(214834, 214751): 0
(214835, 214082): 0
(214836, 214776): 0
(214837, 214299): 0
(214831, 214099): 0
(214838, 214340): 0
(214839, 214782): 0
(214840, 214360): 0
(214832, 214981): 0
(214833, 214620): 0
(214841, 215048): 0
(214844, 214146): 0
(214847, 214342): 0
(214845, 214952): 0
(214848, 214869): 0
(214843, 214993): 0
(214849, 214898): 0
(214846, 215036): 0
(214852, 214657): 0
(214853, 214653): 0
(214855, 214634): 0
(214854, 214667): 0
(214850, 214818): 0
(214857, 214716): 0
(214860, 214566): 0
(214861, 214407): 0
(214858, 214180): 0
(214862, 214759): 1
(214864, 214677): 0
(214865, 215056): 0
(214866, 214789): 0
(214869, 214466): 0
(214867, 214636): 0
(214870, 214373): 0
(214868, 214125): 0
(214871, 214267): 0
(214872, 214343): 0
(214874, 214367): 0
(214877, 214394): 0
(214875, 214746): 0
(214876, 214461): 0
(214878, 214924): 0
(214873, 214241): 0
(214856, 214759): 0
(214881, 214168): 0
(214880, 214238): 0
(214879, 214459): 0
(214885, 214180): 0
(214888, 214874): 0
(214891, 214115): 0
(214890, 214461): 0
(214894, 214395): 0
(214889, 214457): 0
(214897, 214944): 0
(214893, 214243): 0
(214898, 214120): 0
(214887, 214298): 0
(214899, 214206): 0
(214901, 215012): 0
(214902, 214298): 0
(214900, 214856): 0
(214903, 214427): 0
(214905, 214424): 0
(214904, 214382): 0
(214892, 214826): 0
(214906, 214183): 0
(214908, 214611): 0
(214909, 214973): 0
(214912, 214684): 0
(214913, 214746): 0
(214911, 214810): 0
(214916, 214599): 0
(214915, 214778): 0
(214914, 214359): 0
(214918, 214931): 0
(214919, 215020): 0
(214922, 214727): 0
(214917, 214894): 0
(214923, 214530): 0
(214924, 214100): 0
(214925, 214570): 0
(214928, 214754): 0
(214929, 214137): 0
(214927, 214300): 0
(214930, 214609): 0
(214931, 214688): 0
(214932, 214918): 0
(214934, 214936): 1
(214934, 214935): 1
(214933, 214172): 0
(214935, 214936): 1
(214935, 214934): 1
(214936, 214934): 1
(214936, 214935): 1
(214937, 214746): 0
(214938, 214635): 0
(214939, 214707): 0
(214940, 214754): 0
(214941, 214732): 0
(214942, 214165): 0
(214943, 214497): 0
(214944, 214550): 0
(214910, 214809): 0
(214946, 214772): 0
(214947, 214257): 0
(214950, 214577): 0
(214949, 214932): 0
(214951, 214510): 0
(214952, 214265): 0
(214954, 214208): 0
(214953, 214237): 0
(214957, 214614): 0
(214959, 214463): 0
(214958, 214503): 0
(214948, 214204): 0
(214961, 214658): 0
(214956, 214347): 0
(214962, 214985): 0
(214965, 214336): 0
(214966, 214268): 0
(214967, 214323): 0
(214971, 214875): 0
(214968, 214691): 0
(214970, 214624): 0
(214972, 214954): 0
(214973, 214575): 0
(214975, 214487): 0
(214976, 214323): 0
(214977, 214198): 0
(214979, 214586): 0
(214980, 214746): 0
(214981, 215019): 0
(214978, 214605): 0
(214983, 214781): 0
(214984, 214474): 0
(214985, 214142): 0
(214986, 214996): 0
(214988, 215040): 1
(214988, 214989): 1
(214988, 214990): 1
(214988, 214991): 1
(214989, 215040): 1
(214989, 214988): 1
(214989, 214990): 1
(214989, 214991): 1
(214987, 214412): 0
(214990, 215040): 1
(214990, 214988): 1
(214990, 214989): 1
(214990, 214991): 1
(214991, 215040): 1
(214991, 214988): 1
(214991, 214989): 1
(214991, 214990): 1
(214992, 214288): 0
(214993, 214424): 0
(214994, 214267): 0
(214997, 214159): 0
(214999, 214179): 0
(214995, 214485): 0
(214998, 214401): 0
(215000, 214173): 0
(214996, 214331): 0
(215001, 214235): 0
(215003, 214123): 0
(215005, 214232): 0
(215006, 214791): 0
(215004, 214113): 0
(215002, 214136): 0
(215008, 214300): 0
(215011, 214852): 0
(215010, 214257): 0
(215012, 214601): 0
(215014, 214104): 0
(215013, 214956): 0
(215017, 214514): 0
(215016, 214635): 0
(215018, 214474): 0
(215019, 214825): 0
(215020, 214520): 0
(215021, 214571): 0
(215024, 214499): 0
(215023, 214986): 0
(215022, 214196): 0
(215025, 214992): 0
(215026, 214538): 0
(215027, 214585): 0
(215029, 214081): 0
(215031, 214747): 0
(215032, 214748): 0
(215028, 214107): 0
(214955, 214355): 0
(215035, 214585): 0
(215037, 214265): 0
(215038, 214363): 0
(215039, 214758): 0
(215036, 214560): 0
(215041, 214705): 0
(215040, 214988): 1
(215040, 214989): 1
(215040, 214990): 1
(215040, 214991): 1
(215042, 214575): 0
(215034, 214581): 0
(215044, 214994): 0
(215046, 214998): 0
(215047, 214404): 0
(215048, 214931): 0
(215054, 214101): 0
(215052, 214833): 0
(215053, 214589): 0
(215056, 214284): 0
(215055, 214450): 0
(215058, 214396): 0
(215057, 214180): 0
(215061, 214505): 0
(215062, 214734): 0
(215060, 215061): 0
(215063, 214331): 0
(214907, 214077): 0
